                                                                              1


                                                              13
                                                                                  1
                                          7
                                                                                  1
                                                   2
                                                                      8
                      1                   2                                                        2

              1                   2                       2                                            7   8        1
                                                  3

                                  1           13                                           1
                          1                                                                                    19
                                                                                                       4
                              1               2
                                                                  1           1
                                              1

    1
                                      1
                                                      22                                   1
        1
                                  1                   2               1
                  1
2                                             1           1       2               3        3

                              1                               2           3
                                                                                               1
                                                              2                       19
                                                   2
                                                                  4
                                                                                  1
1x Quarantäneort Erfurt                                               7
                                                          1




                                                                                       Stand: 21.11.2020 – 10 Uhr
